Requisitos de prueba (Apartado 4)


NODO_COVERAGE (nodos)
{1,2,3,4,5,6,7,8,9,10,11,12}

EDGE_COVERAGE (arcos)

{(1,2),(2,3),(2,9),(3,4),(4,5),(4,6),(5,7),(5,4),(7,6),(6,8),(6,2),(8,2),(9,10),(10,11),(11,10),(10,12)}

CAMINOS

1  - (1,2,9,10,12)
2  - (1,2,9,10,11)
3  - (1,2,3,4,5,7,6,8)
4  - (1,2,3,4,6,8)

5  - (2,3,4,5,7,6,2)
6  - (2,3,4,5,7,6,8,2)
7  - (2,3,4,6,2)
8  - (2,3,4,6,8,2)

9  - (3,4,5,7,6,8,2,9,10,12)
10 - (3,4,5,7,6,8,2,9,10,11)
11 - (3,4,5,7,6,2,9,10,12)
12 - (3,4,5,7,6,2,9,10,11)
13 - (3,4,6,2,3)
14 - (3,4,6,8,2,3)

15 - (4,5,4)
16 - (4,5,7,6,2,3,4)
17 - (4,5,7,6,8,2,3,4)
18 - (4,6,2,3,4)
19 - (4,6,8,2,3,4)

20 - (5,4,5)
21 - (5,7,6,2,3,4,5)
22 - (5,7,6,8,2,3,4,5)

23 - (6,2,3,4,6)
24 - (6,8,2,3,4,6)
25 - (6,2,3,4,5,7,6)
26 - (6,8,2,3,4,5,7,6)

27 - (7,6,8,2,3,4,5,7)
28 - (7,6,8,2,3,4,5,7)

29 - (8,2,3,4,6,8)
30 - (8,2,3,4,5,7,6,8)

31 - (10,11,10)
32 - (11,10,11)

  
